15 15 1671836932
21 17 1671836932
37 18 1671836932
49 19 1671836932
112 20 1671836932
129 23 1671836932
132 24 1671836932
142 25 1671836932
15 14.8844 1671836962
21 17.1537 1671836962
37 18.1639 1671836962
49 18.8188 1671836962
112 19.9903 1671836962
129 22.8058 1671836962
132 23.9511 1671836962
142 25.0456 1671836962
15 15.0565 1671836992
21 17.2967 1671836992
37 18.3129 1671836992
49 19.0401 1671836992
112 19.8709 1671836992
129 22.9078 1671836992
132 23.8352 1671836992
142 25.2454 1671836992
15 14.9254 1671837022
21 17.4524 1671837022
37 18.3836 1671837022
49 18.9502 1671837022
112 19.9064 1671837022
129 23.107 1671837022
132 23.9524 1671837022
142 25.0676 1671837022
15 15.1313 1671837052
21 17.4311 1671837052
37 18.2192 1671837052
49 18.9913 1671837052
112 20.1083 1671837052
129 23.2515 1671837052
132 23.8502 1671837052
142 25.2535 1671837052
15 15.2451 1671837082
21 17.3417 1671837082
37 18.1563 1671837082
49 18.8433 1671837082
112 19.9328 1671837082
129 23.1949 1671837082
132 23.877 1671837082
142 25.045 1671837082
15 15.0531 1671837112
21 17.1431 1671837112
37 18.153 1671837112
49 18.7777 1671837112
112 20.0415 1671837112
129 23.0298 1671837112
132 23.8223 1671837112
142 25.2855 1671837112
15 15.2305 1671837142
21 17.0384 1671837142
37 18.0634 1671837142
49 18.6148 1671837142
112 19.9537 1671837142
129 23.2401 1671837142
132 23.9482 1671837142
142 25.5093 1671837142
15 15.2448 1671837172
21 16.9976 1671837172
37 18.0512 1671837172
49 18.5917 1671837172
112 20.0376 1671837172
129 23.286 1671837172
132 23.9508 1671837172
142 25.6603 1671837172
15 15.3897 1671837202
21 17.0472 1671837202
37 17.8559 1671837202
49 18.7758 1671837202
112 19.9526 1671837202
129 23.1277 1671837202
132 24.0485 1671837202
142 25.5272 1671837202
15 15.6098 1671837232
21 16.8237 1671837232
37 17.9931 1671837232
49 18.6046 1671837232
112 19.8229 1671837232
129 23.2042 1671837232
132 24.059 1671837232
142 25.3759 1671837232
15 15.4665 1671837262
21 16.8952 1671837262
37 17.8237 1671837262
49 18.4756 1671837262
112 20.0471 1671837262
129 23.3005 1671837262
132 24.0764 1671837262
142 25.6089 1671837262
15 15.3913 1671837292
21 16.6543 1671837292
37 17.5962 1671837292
49 18.2947 1671837292
112 20.1791 1671837292
129 23.4508 1671837292
132 24.2731 1671837292
142 25.6007 1671837292
15 15.5044 1671837322
21 16.8134 1671837322
37 17.366 1671837322
49 18.3024 1671837322
112 20.213 1671837322
129 23.426 1671837322
132 24.5047 1671837322
142 25.674 1671837322
15 15.4229 1671837352
21 16.8314 1671837352
37 17.4687 1671837352
49 18.0883 1671837352
112 20.3104 1671837352
129 23.3358 1671837352
132 24.3657 1671837352
142 25.4905 1671837352
15 15.3666 1671837382
21 16.6109 1671837382
37 17.2942 1671837382
49 18.2477 1671837382
112 20.4887 1671837382
129 23.3252 1671837382
132 24.2156 1671837382
142 25.4713 1671837382
15 15.1791 1671837412
21 16.6693 1671837412
37 17.2925 1671837412
49 18.3891 1671837412
112 20.4843 1671837412
129 23.1535 1671837412
132 24.038 1671837412
142 25.2284 1671837412
15 15.3331 1671837442
21 16.8377 1671837442
37 17.2921 1671837442
49 18.4425 1671837442
112 20.3818 1671837442
129 23.0072 1671837442
132 23.8922 1671837442
142 25.4132 1671837442
15 15.2702 1671837472
21 17.0359 1671837472
37 17.1273 1671837472
49 18.2013 1671837472
112 20.5948 1671837472
129 23.0958 1671837472
132 23.7448 1671837472
142 25.3761 1671837472
15 15.2583 1671837502
21 16.9273 1671837502
37 17.104 1671837502
49 18.0281 1671837502
112 20.3706 1671837502
129 23.3155 1671837502
132 23.7096 1671837502
142 25.6033 1671837502
15 15.017 1671837532
21 16.9388 1671837532
37 17.2986 1671837532
49 17.9301 1671837532
112 20.6003 1671837532
129 23.4199 1671837532
132 23.747 1671837532
142 25.5659 1671837532
15 14.8857 1671837562
21 16.861 1671837562
37 17.4153 1671837562
49 18.0282 1671837562
112 20.8215 1671837562
129 23.6042 1671837562
132 23.7668 1671837562
142 25.401 1671837562
15 14.9765 1671837592
21 16.6718 1671837592
37 17.2473 1671837592
49 18.0706 1671837592
112 20.8382 1671837592
129 23.5844 1671837592
132 23.913 1671837592
142 25.2555 1671837592
15 14.7809 1671837622
21 16.4895 1671837622
37 17.0344 1671837622
49 17.8439 1671837622
112 20.8199 1671837622
129 23.5166 1671837622
132 23.6674 1671837622
142 25.184 1671837622
15 14.7806 1671837652
21 16.3051 1671837652
37 16.9943 1671837652
49 17.879 1671837652
112 21.02 1671837652
129 23.3527 1671837652
132 23.8658 1671837652
142 25.2074 1671837652
15 14.9553 1671837682
21 16.4992 1671837682
37 16.8809 1671837682
49 17.9946 1671837682
112 20.8352 1671837682
129 23.3572 1671837682
132 23.8549 1671837682
142 25.0361 1671837682
15 14.8852 1671837712
21 16.269 1671837712
37 16.8877 1671837712
49 18.2437 1671837712
112 20.759 1671837712
129 23.4012 1671837712
132 23.9117 1671837712
142 25.0478 1671837712
15 15.1188 1671837742
21 16.1046 1671837742
37 16.9263 1671837742
49 18.4846 1671837742
112 20.819 1671837742
129 23.199 1671837742
132 23.7733 1671837742
142 24.9029 1671837742
15 15.3183 1671837772
21 16.0095 1671837772
37 17.0727 1671837772
49 18.3575 1671837772
112 20.7875 1671837772
129 23.2506 1671837772
132 23.7623 1671837772
142 24.6996 1671837772
15 15.1094 1671837802
21 15.899 1671837802
37 17.1319 1671837802
49 18.1775 1671837802
112 20.7593 1671837802
129 23.2866 1671837802
132 23.6251 1671837802
142 24.8262 1671837802
15 15.2516 1671837832
21 15.6615 1671837832
37 17.1434 1671837832
49 18.4174 1671837832
112 20.5666 1671837832
129 23.3773 1671837832
132 23.3978 1671837832
142 24.6772 1671837832
15 15.4161 1671837862
21 15.8907 1671837862
37 17.0701 1671837862
49 18.3137 1671837862
112 20.3913 1671837862
129 23.4493 1671837862
132 23.4587 1671837862
142 24.6836 1671837862
15 15.2098 1671837892
21 15.9134 1671837892
37 17.2033 1671837892
49 18.4609 1671837892
112 20.2966 1671837892
129 23.6447 1671837892
132 23.5001 1671837892
142 24.6706 1671837892
15 15.3183 1671837922
21 16.1016 1671837922
37 17.3115 1671837922
49 18.3132 1671837922
112 20.1893 1671837922
129 23.6532 1671837922
132 23.5232 1671837922
142 24.4251 1671837922
15 15.47 1671837952
21 16.2041 1671837952
37 17.0844 1671837952
49 18.0726 1671837952
112 20.3839 1671837952
129 23.7302 1671837952
132 23.7155 1671837952
142 24.5395 1671837952
15 15.5353 1671837982
21 16.201 1671837982
37 17.3036 1671837982
49 18.2553 1671837982
112 20.4408 1671837982
129 23.9779 1671837982
132 23.7869 1671837982
142 24.616 1671837982
15 15.6909 1671838012
21 16.1204 1671838012
37 17.2406 1671838012
49 18.0773 1671838012
112 20.2221 1671838012
129 24.0102 1671838012
132 23.59 1671838012
142 24.7771 1671838012
15 15.8853 1671838042
21 15.9968 1671838042
37 17.3629 1671838042
49 17.9358 1671838042
112 20.1304 1671838042
129 24.2159 1671838042
132 23.7201 1671838042
142 24.663 1671838042
15 16.0506 1671838072
21 15.8329 1671838072
37 17.3535 1671838072
49 17.963 1671838072
112 20.1969 1671838072
129 24.3971 1671838072
132 23.852 1671838072
142 24.6976 1671838072
15 15.8244 1671838102
21 15.7032 1671838102
37 17.5446 1671838102
49 18.151 1671838102
112 20.0352 1671838102
129 24.4522 1671838102
132 23.9033 1671838102
142 24.914 1671838102
15 15.6603 1671838132
21 15.6322 1671838132
37 17.4558 1671838132
49 18.1562 1671838132
112 20.1225 1671838132
129 24.4116 1671838132
132 23.7992 1671838132
142 25.0403 1671838132
15 15.842 1671838162
21 15.7499 1671838162
37 17.5514 1671838162
49 18.367 1671838162
112 20.3606 1671838162
129 24.3916 1671838162
132 23.726 1671838162
142 24.8895 1671838162
15 15.7584 1671838192
21 15.5999 1671838192
37 17.4004 1671838192
49 18.401 1671838192
112 20.3707 1671838192
129 24.3059 1671838192
132 23.8771 1671838192
142 24.8757 1671838192
15 15.5575 1671838222
21 15.5 1671838222
37 17.4848 1671838222
49 18.1819 1671838222
112 20.421 1671838222
129 24.3615 1671838222
132 23.9007 1671838222
142 24.7229 1671838222
15 15.6798 1671838252
21 15.6707 1671838252
37 17.2676 1671838252
49 18.373 1671838252
112 20.2537 1671838252
129 24.3387 1671838252
132 24.1221 1671838252
142 24.641 1671838252
15 15.4743 1671838282
21 15.5853 1671838282
37 17.1377 1671838282
49 18.495 1671838282
112 20.2948 1671838282
129 24.3281 1671838282
132 24.2212 1671838282
142 24.4481 1671838282
15 15.3296 1671838312
21 15.816 1671838312
37 17.3287 1671838312
49 18.2866 1671838312
112 20.2708 1671838312
129 24.3407 1671838312
132 24.4695 1671838312
142 24.3225 1671838312
15 15.2108 1671838342
21 15.6714 1671838342
37 17.1729 1671838342
49 18.052 1671838342
112 20.0599 1671838342
129 24.4239 1671838342
132 24.454 1671838342
142 24.0936 1671838342
15 15.3848 1671838372
21 15.8002 1671838372
37 16.9487 1671838372
49 18.1344 1671838372
112 20.133 1671838372
129 24.4907 1671838372
132 24.5128 1671838372
142 24.2442 1671838372
15 15.1409 1671838402
21 15.8082 1671838402
37 16.9254 1671838402
49 18.0355 1671838402
112 20.1407 1671838402
129 24.3959 1671838402
132 24.4562 1671838402
142 24.1061 1671838402
15 15.1788 1671838432
21 15.9353 1671838432
37 16.8319 1671838432
49 17.8257 1671838432
112 20.0284 1671838432
129 24.2601 1671838432
132 24.6307 1671838432
142 24.1146 1671838432
15 15.2408 1671838462
21 16.1216 1671838462
37 16.7102 1671838462
49 17.6275 1671838462
112 19.9753 1671838462
129 24.0406 1671838462
132 24.573 1671838462
142 23.9455 1671838462
15 15.2175 1671838492
21 15.981 1671838492
37 16.7857 1671838492
49 17.8701 1671838492
112 19.8909 1671838492
129 24.2684 1671838492
132 24.4806 1671838492
142 23.9228 1671838492
15 15.0509 1671838522
21 15.9485 1671838522
37 16.9136 1671838522
49 17.9728 1671838522
112 20.134 1671838522
129 24.1074 1671838522
132 24.5712 1671838522
142 23.7558 1671838522
15 15.0115 1671838552
21 15.8114 1671838552
37 16.6945 1671838552
49 17.8814 1671838552
112 19.9896 1671838552
129 24.3262 1671838552
132 24.6887 1671838552
142 23.9688 1671838552
15 15.0265 1671838582
21 15.6153 1671838582
37 16.7895 1671838582
49 17.7268 1671838582
112 20.1994 1671838582
129 24.3065 1671838582
132 24.827 1671838582
142 23.8378 1671838582
15 14.8967 1671838612
21 15.6886 1671838612
37 16.6667 1671838612
49 17.5555 1671838612
112 19.9516 1671838612
129 24.2294 1671838612
132 24.6516 1671838612
142 23.752 1671838612
15 14.6622 1671838642
21 15.9088 1671838642
37 16.777 1671838642
49 17.3739 1671838642
112 20.1429 1671838642
129 24.4714 1671838642
132 24.6881 1671838642
142 23.7107 1671838642
15 14.7558 1671838672
21 15.9623 1671838672
37 16.8368 1671838672
49 17.405 1671838672
112 20.3868 1671838672
129 24.4014 1671838672
132 24.6917 1671838672
142 23.6355 1671838672
15 14.6405 1671838702
21 15.8836 1671838702
37 16.7999 1671838702
49 17.2585 1671838702
112 20.607 1671838702
129 24.5853 1671838702
132 24.8918 1671838702
142 23.8704 1671838702
15 14.5395 1671838732
21 15.7302 1671838732
37 16.5754 1671838732
49 17.4121 1671838732
112 20.5805 1671838732
129 24.7663 1671838732
132 24.8962 1671838732
142 23.6435 1671838732
15 14.3663 1671838762
21 15.5002 1671838762
37 16.4032 1671838762
49 17.2728 1671838762
112 20.4305 1671838762
129 24.7898 1671838762
132 25.1253 1671838762
142 23.4159 1671838762
15 14.2266 1671838792
21 15.4726 1671838792
37 16.377 1671838792
49 17.3911 1671838792
112 20.2717 1671838792
129 24.7719 1671838792
132 25.2955 1671838792
142 23.4415 1671838792
15 14.1137 1671838822
21 15.6845 1671838822
37 16.2271 1671838822
49 17.4006 1671838822
112 20.4283 1671838822
129 24.656 1671838822
132 25.2708 1671838822
142 23.5334 1671838822
15 14.3477 1671838852
21 15.8924 1671838852
37 16.4673 1671838852
49 17.2289 1671838852
112 20.3372 1671838852
129 24.7645 1671838852
132 25.1256 1671838852
142 23.4902 1671838852
15 14.1238 1671838882
21 15.7471 1671838882
37 16.7119 1671838882
49 17.3192 1671838882
112 20.3639 1671838882
129 24.9064 1671838882
132 25.0882 1671838882
142 23.3924 1671838882
15 13.9384 1671838912
21 15.6689 1671838912
37 16.69 1671838912
49 17.3027 1671838912
112 20.2487 1671838912
129 24.955 1671838912
132 25.2439 1671838912
142 23.5546 1671838912
15 13.8566 1671838942
21 15.699 1671838942
37 16.5737 1671838942
49 17.5171 1671838942
112 20.2276 1671838942
129 24.9393 1671838942
132 25.0415 1671838942
142 23.3266 1671838942
15 13.774 1671838972
21 15.5519 1671838972
37 16.5037 1671838972
49 17.7523 1671838972
112 20.4747 1671838972
129 24.9985 1671838972
132 24.8571 1671838972
142 23.1927 1671838972
15 13.7124 1671839002
21 15.3464 1671839002
37 16.4835 1671839002
49 17.8868 1671839002
112 20.3602 1671839002
129 24.9129 1671839002
132 24.685 1671839002
142 23.2364 1671839002
15 13.4779 1671839032
21 15.1995 1671839032
37 16.4372 1671839032
49 17.9118 1671839032
112 20.5483 1671839032
129 24.7479 1671839032
132 24.5452 1671839032
142 23.0385 1671839032
15 13.4014 1671839062
21 15.1477 1671839062
37 16.5276 1671839062
49 18.0077 1671839062
112 20.6379 1671839062
129 24.8114 1671839062
132 24.4799 1671839062
142 22.9686 1671839062
15 13.5811 1671839092
21 15.3824 1671839092
37 16.6225 1671839092
49 18.0882 1671839092
112 20.8214 1671839092
129 25.0231 1671839092
132 24.6523 1671839092
142 23.1357 1671839092
15 13.7545 1671839122
21 15.1609 1671839122
37 16.4231 1671839122
49 18.3378 1671839122
112 20.8573 1671839122
129 24.8219 1671839122
132 24.6218 1671839122
142 22.9935 1671839122
15 13.8532 1671839152
21 15.152 1671839152
37 16.5454 1671839152
49 18.4991 1671839152
112 20.9791 1671839152
129 24.7765 1671839152
132 24.446 1671839152
142 22.7697 1671839152
15 13.63 1671839182
21 15.0081 1671839182
37 16.6035 1671839182
49 18.2852 1671839182
112 21.1403 1671839182
129 25.0129 1671839182
132 24.4132 1671839182
142 23.0166 1671839182
15 13.7084 1671839212
21 14.7912 1671839212
37 16.4191 1671839212
49 18.0623 1671839212
112 21.1873 1671839212
129 24.8185 1671839212
132 24.5267 1671839212
142 23.1873 1671839212
15 13.6862 1671839242
21 14.6323 1671839242
37 16.1873 1671839242
49 18.1374 1671839242
112 21.0985 1671839242
129 24.7144 1671839242
132 24.4261 1671839242
142 23.2288 1671839242
15 13.7322 1671839272
21 14.8412 1671839272
37 16.111 1671839272
49 18.3611 1671839272
112 21.2973 1671839272
129 24.8011 1671839272
132 24.3036 1671839272
142 23.2853 1671839272
15 13.6508 1671839302
21 14.7179 1671839302
37 15.9857 1671839302
49 18.5763 1671839302
112 21.1771 1671839302
129 24.6611 1671839302
132 24.1527 1671839302
142 23.2159 1671839302
15 13.8606 1671839332
21 14.7169 1671839332
37 15.8173 1671839332
49 18.4836 1671839332
112 21.3327 1671839332
129 24.4466 1671839332
132 23.9347 1671839332
142 23.2888 1671839332
15 13.8332 1671839362
21 14.4951 1671839362
37 15.5989 1671839362
49 18.5146 1671839362
112 21.5215 1671839362
129 24.3684 1671839362
132 24.0527 1671839362
142 23.1119 1671839362
15 13.9838 1671839392
21 14.4006 1671839392
37 15.7051 1671839392
49 18.5673 1671839392
112 21.5338 1671839392
129 24.5376 1671839392
132 23.9585 1671839392
142 23.1339 1671839392
15 13.9887 1671839422
21 14.2456 1671839422
37 15.7974 1671839422
49 18.7407 1671839422
112 21.3875 1671839422
129 24.373 1671839422
132 23.8599 1671839422
142 22.9014 1671839422
15 14.2312 1671839452
21 14.4221 1671839452
37 16.004 1671839452
49 18.757 1671839452
112 21.5371 1671839452
129 24.4766 1671839452
132 23.9308 1671839452
142 22.7083 1671839452
15 14.2559 1671839482
21 14.1746 1671839482
37 15.7773 1671839482
49 18.8637 1671839482
112 21.5389 1671839482
129 24.3782 1671839482
132 23.7213 1671839482
142 22.8385 1671839482
15 14.4378 1671839512
21 14.3095 1671839512
37 15.5576 1671839512
49 18.9135 1671839512
112 21.3159 1671839512
129 24.2518 1671839512
132 23.7089 1671839512
142 22.7978 1671839512
15 14.2528 1671839542
21 14.4118 1671839542
37 15.5238 1671839542
49 18.8047 1671839542
112 21.2559 1671839542
129 24.0068 1671839542
132 23.6942 1671839542
142 22.7691 1671839542
15 14.2758 1671839572
21 14.414 1671839572
37 15.6058 1671839572
49 18.7894 1671839572
112 21.3102 1671839572
129 23.9372 1671839572
132 23.6079 1671839572
142 22.5248 1671839572
15 14.0304 1671839602
21 14.2519 1671839602
37 15.4115 1671839602
49 18.5834 1671839602
112 21.5003 1671839602
129 23.7707 1671839602
132 23.8388 1671839602
142 22.708 1671839602
15 14.2757 1671839632
21 14.4894 1671839632
37 15.5958 1671839632
49 18.5174 1671839632
112 21.7257 1671839632
129 23.8842 1671839632
132 23.9889 1671839632
142 22.7585 1671839632
15 14.4453 1671839662
21 14.3433 1671839662
37 15.8156 1671839662
49 18.4037 1671839662
112 21.9605 1671839662
129 24.0308 1671839662
132 24.0971 1671839662
142 22.8398 1671839662
15 14.4497 1671839692
21 14.1244 1671839692
37 15.584 1671839692
49 18.6355 1671839692
112 21.7806 1671839692
129 24.0535 1671839692
132 23.9152 1671839692
142 22.9172 1671839692
15 14.6266 1671839722
21 13.8789 1671839722
37 15.4005 1671839722
49 18.5466 1671839722
112 21.6256 1671839722
129 24.1275 1671839722
132 23.8577 1671839722
142 22.678 1671839722
15 14.4673 1671839752
21 14.1022 1671839752
37 15.3141 1671839752
49 18.5013 1671839752
112 21.7308 1671839752
129 23.9638 1671839752
132 23.8514 1671839752
142 22.7747 1671839752
15 14.5757 1671839782
21 13.9448 1671839782
37 15.3991 1671839782
49 18.3292 1671839782
112 21.7124 1671839782
129 24.0252 1671839782
132 24.0628 1671839782
142 22.9344 1671839782
15 14.8223 1671839812
21 13.9838 1671839812
37 15.3236 1671839812
49 18.3284 1671839812
112 21.8047 1671839812
129 24.0271 1671839812
132 23.9566 1671839812
142 22.8244 1671839812
15 15.0497 1671839842
21 14.0256 1671839842
37 15.0894 1671839842
49 18.3985 1671839842
112 21.6967 1671839842
129 24.2202 1671839842
132 23.9213 1671839842
142 22.7155 1671839842
15 15.1674 1671839872
21 14.1823 1671839872
37 14.9522 1671839872
49 18.2059 1671839872
112 21.7295 1671839872
129 24.0679 1671839872
132 23.8577 1671839872
142 22.9442 1671839872
15 15.2451 1671839902
21 14.2675 1671839902
37 14.8193 1671839902
49 18.3758 1671839902
112 21.8734 1671839902
129 23.8276 1671839902
132 23.7465 1671839902
142 22.9811 1671839902
